Pipeline:
Element 1:
         x        y
379.957806 0.987161
386.708861 0.990014
394.303797 0.990014
401.898734 0.985735
411.181435 0.975749
421.729958 0.958631
435.232068 0.934379
446.202532 0.900143
454.641350 0.868759
462.236287 0.828816
469.409283 0.771755
478.270042 0.684736
486.286920 0.592011
497.679325 0.495007
507.805907 0.399429
517.510549 0.322397
522.151899 0.288160
528.481013 0.261056
535.232068 0.249643
541.983122 0.263909
547.890295 0.296719
553.797468 0.330956
559.704641 0.342368
564.767932 0.336662
570.253165 0.288160
574.894515 0.239658
582.067511 0.178317
587.130802 0.142653
591.772152 0.126961
597.257384 0.126961
607.383966 0.138374
615.400844 0.146933
625.105485 0.148359
631.856540 0.141227
641.139241 0.134094
647.046414 0.138374
657.172996 0.159772
666.033755 0.209700
675.738397 0.320970
682.489451 0.433666
688.396624 0.572040
697.257384 0.744650
706.540084 0.865906
711.603376 0.911555
716.666667 0.942939
726.371308 0.971469
735.654008 0.987161
747.046414 0.994294
759.282700 0.997147
780.379747 0.997147

Element 2:
         x        y
379.957806 0.987161
386.708861 0.990014
394.303797 0.990014
401.898734 0.985735
411.181435 0.975749
421.729958 0.958631
435.232068 0.934379
446.202532 0.900143
454.641350 0.868759
462.236287 0.828816
469.409283 0.771755
478.270042 0.684736
486.286920 0.592011
497.679325 0.495007
507.805907 0.399429
517.510549 0.322397
522.151899 0.288160
528.481013 0.261056
535.232068 0.249643
541.983122 0.263909
547.890295 0.296719
553.797468 0.330956
559.704641 0.342368
564.767932 0.336662
570.253165 0.288160
574.894515 0.239658
582.067511 0.178317
587.130802 0.142653
591.772152 0.126961
597.257384 0.126961
607.383966 0.138374
615.400844 0.146933
625.105485 0.148359
631.856540 0.141227
641.139241 0.134094
647.046414 0.138374
657.172996 0.159772
666.033755 0.209700
675.738397 0.320970
682.489451 0.433666
688.396624 0.572040
697.257384 0.744650
706.540084 0.865906
711.603376 0.911555
716.666667 0.942939
726.371308 0.971469
735.654008 0.987161
747.046414 0.994294
759.282700 0.997147
780.379747 0.997147

Element 3:
         x        y
378.670520 0.001560
390.231214 0.026521
397.167630 0.057722
402.254335 0.084243
406.416185 0.121685
410.578035 0.148206
417.976879 0.171607
424.450867 0.213729
433.699422 0.248050
442.023121 0.271451
451.734104 0.294852
464.219653 0.307332
480.404624 0.324493
501.213873 0.354134
528.959538 0.414977
555.780347 0.492980
588.150289 0.597504
604.797688 0.645866
627.456647 0.694228
657.052023 0.739470
694.971098 0.794072
735.202312 0.848674
778.670520 0.901716

Element 4:
         x        y
378.670520 0.001560
390.231214 0.026521
397.167630 0.057722
402.254335 0.084243
406.416185 0.121685
410.578035 0.148206
417.976879 0.171607
424.450867 0.213729
433.699422 0.248050
442.023121 0.271451
451.734104 0.294852
464.219653 0.307332
480.404624 0.324493
501.213873 0.354134
528.959538 0.414977
555.780347 0.492980
588.150289 0.597504
604.797688 0.645866
627.456647 0.694228
657.052023 0.739470
694.971098 0.794072
735.202312 0.848674
778.670520 0.901716

Element 5:
  x        y
350 0.624725
351 0.629139
352 0.633534
353 0.637908
354 0.642263
355 0.646597
356 0.650910
357 0.655201
358 0.659471
359 0.663720
360 0.667946
361 0.672149
362 0.676331
363 0.680489
364 0.684624
365 0.688735
366 0.692823
367 0.696887
368 0.700926
369 0.704942
370 0.708932
371 0.712898
372 0.716839
373 0.720754
374 0.724644
375 0.728509
376 0.732347
377 0.736160
378 0.739946
379 0.743706
380 0.747439
381 0.751146
382 0.754825
383 0.758478
384 0.762104
385 0.765702
386 0.769273
387 0.772817
388 0.776333
389 0.779821
390 0.783281
391 0.786713
392 0.790117
393 0.793493
394 0.796841
395 0.800160
396 0.803451
397 0.806714
398 0.809948
399 0.813153
400 0.816329
401 0.819477
402 0.822596
403 0.825686
404 0.828747
405 0.831780
406 0.834783
407 0.837757
408 0.840703
409 0.843619
410 0.846506
411 0.849364
412 0.852193
413 0.854993
414 0.857763
415 0.860505
416 0.863217
417 0.865901
418 0.868555
419 0.871180
420 0.873776
421 0.876343
422 0.878881
423 0.881390
424 0.883870
425 0.886321
426 0.888744
427 0.891137
428 0.893501
429 0.895837
430 0.898144
431 0.900422
432 0.902672
433 0.904893
434 0.907085
435 0.909250
436 0.911385
437 0.913493
438 0.915572
439 0.917623
440 0.919645
441 0.921640
442 0.923607
443 0.925546
444 0.927457
445 0.929340
446 0.931195
447 0.933023
448 0.934824
449 0.936597
450 0.938343
451 0.940062
452 0.941753
453 0.943418
454 0.945056
455 0.946667
456 0.948251
457 0.949808
458 0.951339
459 0.952844
460 0.954323
461 0.955775
462 0.957201
463 0.958601
464 0.959976
465 0.961324
466 0.962647
467 0.963945
468 0.965217
469 0.966464
470 0.967686
471 0.968883
472 0.970054
473 0.971202
474 0.972324
475 0.973422
476 0.974496
477 0.975545
478 0.976570
479 0.977571
480 0.978548
481 0.979502
482 0.980432
483 0.981338
484 0.982221
485 0.983081
486 0.983917
487 0.984731
488 0.985522
489 0.986290
490 0.987035
491 0.987759
492 0.988459
493 0.989138
494 0.989795
495 0.990429
496 0.991042
497 0.991634
498 0.992203
499 0.992752
500 0.993279
501 0.993785
502 0.994271
503 0.994735
504 0.995179
505 0.995602
506 0.996005
507 0.996388
508 0.996750
509 0.997093
510 0.997415
511 0.997718
512 0.998002
513 0.998266
514 0.998511
515 0.998736
516 0.998943
517 0.999131
518 0.999299
519 0.999450
520 0.999582
521 0.999695
522 0.999791
523 0.999868
524 0.999928
525 0.999969
526 0.999993
527 1.000000
528 0.999989
529 0.999961
530 0.999916
531 0.999854
532 0.999775
533 0.999679
534 0.999567
535 0.999439
536 0.999294
537 0.999133
538 0.998956
539 0.998763
540 0.998554
541 0.998329
542 0.998090
543 0.997834
544 0.997564
545 0.997278
546 0.996978
547 0.996662
548 0.996332
549 0.995988
550 0.995628
551 0.995255
552 0.994867
553 0.994465
554 0.994049
555 0.993620
556 0.993177
557 0.992720
558 0.992249
559 0.991766
560 0.991269
561 0.990759
562 0.990236
563 0.989700
564 0.989151
565 0.988590
566 0.988016
567 0.987430
568 0.986832
569 0.986222
570 0.985599
571 0.984965
572 0.984319
573 0.983661
574 0.982992
575 0.982311
576 0.981619
577 0.980915
578 0.980201
579 0.979476
580 0.978739
581 0.977992
582 0.977235
583 0.976466
584 0.975688
585 0.974899
586 0.974099
587 0.973290
588 0.972471
589 0.971642
590 0.970803
591 0.969954
592 0.969096
593 0.968228
594 0.967351
595 0.966465
596 0.965569
597 0.964664
598 0.963751
599 0.962828
600 0.961897
601 0.960957
602 0.960009
603 0.959052
604 0.958087
605 0.957113
606 0.956131
607 0.955142
608 0.954144
609 0.953138
610 0.952125
611 0.951103
612 0.950075
613 0.949038
614 0.947994
615 0.946943
616 0.945885
617 0.944819
618 0.943747
619 0.942667
620 0.941581
621 0.940488
622 0.939388
623 0.938281
624 0.937168
625 0.936048
626 0.934922
627 0.933790
628 0.932651
629 0.931506
630 0.930356
631 0.929199
632 0.928036
633 0.926868
634 0.925694
635 0.924514
636 0.923329
637 0.922138
638 0.920941
639 0.919740
640 0.918533
641 0.917321
642 0.916104
643 0.914881
644 0.913654
645 0.912422
646 0.911185
647 0.909943
648 0.908697
649 0.907446
650 0.906191
651 0.904931
652 0.903666
653 0.902398
654 0.901125
655 0.899848
656 0.898566
657 0.897281
658 0.895992
659 0.894699
660 0.893402
661 0.892101
662 0.890796
663 0.889488
664 0.888176
665 0.886861
666 0.885542
667 0.884219
668 0.882894
669 0.881565
670 0.880233
671 0.878897
672 0.877559
673 0.876217
674 0.874873
675 0.873525
676 0.872175
677 0.870822
678 0.869466
679 0.868107
680 0.866746
681 0.865382
682 0.864015
683 0.862646
684 0.861275
685 0.859901
686 0.858525
687 0.857147
688 0.855766
689 0.854383
690 0.852998
691 0.851611
692 0.850222
693 0.848831
694 0.847438
695 0.846043
696 0.844646
697 0.843248
698 0.841848
699 0.840446
700 0.839042
701 0.837637
702 0.836230
703 0.834822
704 0.833412
705 0.832001
706 0.830589
707 0.829175
708 0.827760
709 0.826343
710 0.824926
711 0.823507
712 0.822087
713 0.820666
714 0.819244
715 0.817821
716 0.816397
717 0.814972
718 0.813547
719 0.812120
720 0.810693
721 0.809265
722 0.807836
723 0.806406
724 0.804976
725 0.803545
726 0.802114
727 0.800682
728 0.799249
729 0.797816
730 0.796383
731 0.794949
732 0.793515
733 0.792081
734 0.790646
735 0.789211
736 0.787776
737 0.786340
738 0.784905
739 0.783469
740 0.782033
741 0.780597
742 0.779161
743 0.777725
744 0.776290
745 0.774854
746 0.773418
747 0.771982
748 0.770547
749 0.769111
750 0.767676
751 0.766241
752 0.764806
753 0.763372
754 0.761938
755 0.760504
756 0.759071
757 0.757638
758 0.756205
759 0.754773
760 0.753341
761 0.751910
762 0.750479
763 0.749049
764 0.747619
765 0.746190
766 0.744762
767 0.743334
768 0.741907
769 0.740481
770 0.739055
771 0.737630
772 0.736206
773 0.734783
774 0.733360
775 0.731938
776 0.730517
777 0.729097
778 0.727678
779 0.726260
780 0.724842
781 0.723426
782 0.722011
783 0.720596
784 0.719183
785 0.717770
786 0.716359
787 0.714949
788 0.713540
789 0.712131
790 0.710724
791 0.709319
792 0.707914
793 0.706510
794 0.705108
795 0.703707
796 0.702307
797 0.700908
798 0.699511
799 0.698115
800 0.696720

